254
76
94
55
32
61
61
69
106
21
23
12
17
23
109
27
109
23
35
31
40
74
30
144
16
64
101
69
12
37
104
59
45
12
17
53
13
33
14
12
15
13
20
122
74
17
22
67
36
27
12
18
21
15
14
18
21
24
21
10
18
14
18
19
48
46
13
10
17
13
26
39
45
10
118
19
13
45
45
46
14
12
12
32
15
22
11
49
10
10
12
11
13
20
11
11
11
25
21
18
32
16
11
12
15
11
11
16
19
11
10
12
10
26
20
53
15
24
10
11
11
14
18
11
11
14
10
10
13
13
16
10
17
12
11
13
12
18
17
22
12
12
29
14
13
19
13
14
10
11
13
74
15
12
10
10
10
18
12
12
19
10
18
24
11
13
12
21
15
30
14
20
11
10
16
14
11
12
18
12
10
17
25
14
10
18
11
12
12
11
15
10
12
10
11
12
12
10
12
12
10
12
10
13
10
10
10
11
11
14
11
13
10
10
10
12
13
13
10
11
53
11
11
17
10
12
14
12
10
10
12
10
12
13
10
13
13
11
10
10
11
10
10
11
11
10
10
10
13
10
10
10
16
12
11
11
11
12
13
10
10
17
10
10
11
11
12
12
12
12
10
10
10
11
10
13
10
10
12
10
10
11
10
10
10
13
12
12
12
13
10
10
10
12
10
10
10
12
10
10
10
10
10
11
12
12
12
10
10
10
12
12
10
12
12
13
10
12
10
10
10
14
10
10
11
11
10
10
14
12
10
10
10
12
10
11
12
10
12
11
10
10
10
10
13
12
10
12
13
11
10
10
12
14
12
10
10
14
10
11
10
10
10
31
13
12
10
18
10
10
12
10
12
14
10
13
13
11
11
11
15
11
10
10
11
14
12
14
11
10
10
10
13
13
10
11
12
11
12
12
16
10
10
10
11
12
10
12
10
10
12
12
10
10
10
11
10
10
10
12
12
12
14
10
10
10
10
15
12
12
10
10
12
12
10
11
11
10
10
12
13
12
10
12
11
12
10
10
10
10
10
10
11
10
10
14
13
11
10
10
11
89
12
10
11
10
10
10
10
12
10
10
11
11
11
14
10
10
10
10
12
11
13
12
12
11
12
10
14
10
10
12
11
12
13
10
12
10
12
15
10
11
16
11
18
10
12
11
12
10
11
10
14
10
10
10
10
11
10
13
10
12
13
12
10
10
13
10
10
10
10
11
10
13
11
10
10
10
10
12
10
10
10
13
11
10
10
12
10
12
14
10
13
11
14
10
10
11
12
10
10
10
10
10
10
12
11
10
12
11
11
10
11
10
22
10
10
10
10
10
10
15
10
10
12
12
11
10
10
10
11
10
10
10
12
13
14
10
10
12
10
12
14
12
11
11
10
11
10
10
12
10
12
10
10
11
13
12
10
10
11
12
10
12
11
10
13
10
10
10
11
12
10
10
11
11
11
11
12
12
13
12
10
11
10
11
10
10
11
10
14
10
10
11
10
11
10
10
14
10
10
11
10
11
12
11
10
12
12
12
12
10
10
10
10
10
11
14
10
12
12
11
14
10
10
10
13
10
15
11
10
14
10
12
10
10
10
14
10
10
13
10
10
13
12
10
11
10
11
10
13
66
11
24
12
10
11
39
10
13
10
12
10
11
10
13
14
11
10
10
10
11
10
11
10
14
10
12
14
13
10
10
16
11
12
12
10
12
11
10
10
13
11
10
10
12
10
12
10
16
10
10
10
13
14
11
12
11
13
10
10
12
10
10
16
13
10
11
10
10
10
17
10
11
11
11
10
10
10
10
13
10
10
10
13
10
10
10
11
12
11
11
10
10
10
13
10
10
10
12
11
10
11
13
10
13
13
10
10
12
11
11
11
12
14
13
12
10
11
12
10
10
10
10
14
10
12
10
11
10
12
14
11
12
10
11
10
121
16
16
12
12
12
10
11
12
10
12
11
12
14
10
10
11
10
12
12
11
10
10
15
12
12
11
10
10
11
13
10
12
10
10
10
10
12
10
10
12
10
10
11
12
11
11
10
10
11
10
10
10
10
15
10
13
10
10
10
12
10
10
10
10
11
10
11
12
13
11
10
