37
62
22
37
306
32
49
51
178
375
30
60
117
65
213
93
13
303
221
220
191
142
156
393
221
182
120
112
163
111
81
124
259
114
305
107
203
219
68
82
216
104
169
162
65
100
79
41
77
105
286
271
64
232
59
85
114
216
107
45
404
19
17
140
111
134
64
89
254
117
113
231
26
77
80
52
118
311
94
130
50
33
216
180
274
176
70
317
215
134
74
380
75
33
155
517
153
180
257
128
167
156
55
167
60
117
148
98
91
17
56
219
469
22
109
98
32
275
70
11
44
265
37
116
306
150
294
83
54
65
441
21
220
267
71
80
318
220
32
84
190
13
272
282
139
89
106
533
121
45
60
71
226
89
99
39
107
175
27
169
79
65
112
137
430
61
53
165
388
190
245
153
66
74
81
102
155
41
127
42
30
84
86
87
229
100
17
139
85
27
94
125
160
125
53
72
19
38
17
17
34
80
175
31
366
48
59
187
23
139
98
64
217
113
242
36
74
99
106
172
53
242
134
52
65
241
117
110
41
105
212
98
31
32
100
53
319
200
120
110
258
46
140
219
56
35
90
159
67
106
146
124
60
33
379
38
69
80
142
54
158
176
35
59
21
47
88
407
174
232
128
32
58
58
32
124
350
28
55
56
41
54
55
44
47
38
145
80
15
56
74
384
31
79
35
269
159
36
400
308
46
120
76
28
84
217
79
47
38
58
69
116
85
89
141
188
250
211
80
89
202
36
43
68
238
122
149
92
185
56
24
151
175
67
42
44
114
127
53
52
48
220
110
78
40
92
72
167
359
100
165
70
372
84
20
220
161
91
64
95
119
129
134
242
111
67
220
175
80
88
38
100
49
90
53
263
197
106
35
11
121
57
94
116
61
8
262
85
121
56
210
200
31
169
130
301
45
99
102
135
60
30
180
238
32
112
233
16
33
66
308
172
140
74
131
85
171
106
136
47
191
208
72
59
35
119
137
25
87
64
71
106
56
29
45
199
104
48
101
119
92
45
136
624
86
90
99
214
48
121
75
57
45
180
34
259
107
53
51
202
109
249
57
62
91
94
21
123
190
32
27
67
392
71
282
28
97
76
29
309
69
212
22
72
129
154
131
148
84
114
77
271
